0.04 0.06
0.04 0.0605
0.04 0.061
0.04 0.0615
0.04 0.062
0.045 0.06
0.045 0.0605
0.045 0.061
0.045 0.0615
0.045 0.062
0.05 0.06
0.05 0.0605
0.05 0.061
0.05 0.0615
0.05 0.062
0.055 0.06
0.055 0.0605
0.055 0.061
0.055 0.0615
0.055 0.062
0.06 0.06
0.06 0.0605
0.06 0.061
0.06 0.0615
0.06 0.062
0.065 0.06
0.065 0.0605
0.065 0.061
0.065 0.0615
0.065 0.062
0.07 0.06
0.07 0.0605
0.07 0.061
0.07 0.0615
0.07 0.062
0.075 0.06
0.075 0.0605
0.075 0.061
0.075 0.0615
0.075 0.062
0.08 0.06
0.08 0.0605
0.08 0.061
0.08 0.0615
0.08 0.062
